,event_id,source_type,station_network_code,station_channel_code,station_code,station_location_code,station_latitude_deg,station_longitude_deg,station_elevation_m,trace_name,trace_sampling_rate_hz,trace_start_time,trace_S_arrival_sample,trace_P_arrival_sample,trace_S_onset,trace_P_onset,trace_snr_db,trace_s_arrival,trace_p_arrival
0, , ,7D, ,J59A,,47.509602,-126.415298,-2371.0, ,125.0,2012-05-31T00:00:00.006000Z, , , , , ,,2012-05-31T00:02:44.918000Z
1, , ,7D, ,J59A,,47.509602,-126.415298,-2371.0, ,125.0,2012-05-31T00:00:00.006000Z, , , , , ,,2012-05-31T00:31:34.798000Z
2, , ,7D, ,J59A,,47.509602,-126.415298,-2371.0, ,125.0,2012-05-31T00:00:00.006000Z, , , , , ,,2012-05-31T00:35:20.686000Z
3, , ,7D, ,J59A,,47.509602,-126.415298,-2371.0, ,125.0,2012-05-31T00:00:00.006000Z, , , , , ,,2012-05-31T02:19:13.198000Z
4, , ,7D, ,J59A,,47.509602,-126.415298,-2371.0, ,125.0,2012-05-31T00:00:00.006000Z, , , , , ,,2012-05-31T02:20:07.726000Z
5, , ,7D, ,J59A,,47.509602,-126.415298,-2371.0, ,125.0,2012-05-31T00:00:00.006000Z, , , , , ,,2012-05-31T02:25:27.710000Z
6, , ,7D, ,J59A,,47.509602,-126.415298,-2371.0, ,125.0,2012-05-31T00:00:00.006000Z, , , , , ,,2012-05-31T02:34:42.582000Z
7, , ,7D, ,J59A,,47.509602,-126.415298,-2371.0, ,125.0,2012-05-31T00:00:00.006000Z, , , , , ,,2012-05-31T03:01:16.238000Z
8, , ,7D, ,J59A,,47.509602,-126.415298,-2371.0, ,125.0,2012-05-31T00:00:00.006000Z, , , , , ,,2012-05-31T03:09:21.678000Z
9, , ,7D, ,J59A,,47.509602,-126.415298,-2371.0, ,125.0,2012-05-31T00:00:00.006000Z, , , , , ,,2012-05-31T03:10:58.606000Z
10, , ,7D, ,J59A,,47.509602,-126.415298,-2371.0, ,125.0,2012-05-31T00:00:00.006000Z, , , , , ,,2012-05-31T03:28:33.142000Z
11, , ,7D, ,J59A,,47.509602,-126.415298,-2371.0, ,125.0,2012-05-31T00:00:00.006000Z, , , , , ,,2012-05-31T03:39:45.382000Z
12, , ,7D, ,J59A,,47.509602,-126.415298,-2371.0, ,125.0,2012-05-31T00:00:00.006000Z, , , , , ,,2012-05-31T03:44:13.318000Z
13, , ,7D, ,J59A,,47.509602,-126.415298,-2371.0, ,125.0,2012-05-31T00:00:00.006000Z, , , , , ,,2012-05-31T03:52:20.014000Z
14, , ,7D, ,J59A,,47.509602,-126.415298,-2371.0, ,125.0,2012-05-31T00:00:00.006000Z, , , , , ,,2012-05-31T04:00:04.510000Z
15, , ,7D, ,J59A,,47.509602,-126.415298,-2371.0, ,125.0,2012-05-31T00:00:00.006000Z, , , , , ,,2012-05-31T04:00:56.230000Z
16, , ,7D, ,J59A,,47.509602,-126.415298,-2371.0, ,125.0,2012-05-31T00:00:00.006000Z, , , , , ,,2012-05-31T04:01:42.350000Z
17, , ,7D, ,J59A,,47.509602,-126.415298,-2371.0, ,125.0,2012-05-31T00:00:00.006000Z, , , , , ,,2012-05-31T04:02:42.694000Z
18, , ,7D, ,J59A,,47.509602,-126.415298,-2371.0, ,125.0,2012-05-31T00:00:00.006000Z, , , , , ,,2012-05-31T04:03:06.766000Z
19, , ,7D, ,J59A,,47.509602,-126.415298,-2371.0, ,125.0,2012-05-31T00:00:00.006000Z, , , , , ,,2012-05-31T04:04:36.558000Z
20, , ,7D, ,J59A,,47.509602,-126.415298,-2371.0, ,125.0,2012-05-31T00:00:00.006000Z, , , , , ,,2012-05-31T04:04:55.174000Z
21, , ,7D, ,J59A,,47.509602,-126.415298,-2371.0, ,125.0,2012-05-31T00:00:00.006000Z, , , , , ,,2012-05-31T04:05:11.454000Z
22, , ,7D, ,J59A,,47.509602,-126.415298,-2371.0, ,125.0,2012-05-31T00:00:00.006000Z, , , , , ,,2012-05-31T04:05:25.318000Z
23, , ,7D, ,J59A,,47.509602,-126.415298,-2371.0, ,125.0,2012-05-31T00:00:00.006000Z, , , , , ,,2012-05-31T04:07:24.334000Z
24, , ,7D, ,J59A,,47.509602,-126.415298,-2371.0, ,125.0,2012-05-31T00:00:00.006000Z, , , , , ,,2012-05-31T04:07:45.446000Z
25, , ,7D, ,J59A,,47.509602,-126.415298,-2371.0, ,125.0,2012-05-31T00:00:00.006000Z, , , , , ,,2012-05-31T04:08:50.294000Z
26, , ,7D, ,J59A,,47.509602,-126.415298,-2371.0, ,125.0,2012-05-31T00:00:00.006000Z, , , , , ,,2012-05-31T04:09:57.366000Z
27, , ,7D, ,J59A,,47.509602,-126.415298,-2371.0, ,125.0,2012-05-31T00:00:00.006000Z, , , , , ,,2012-05-31T04:11:31.702000Z
28, , ,7D, ,J59A,,47.509602,-126.415298,-2371.0, ,125.0,2012-05-31T00:00:00.006000Z, , , , , ,,2012-05-31T04:14:38.294000Z
29, , ,7D, ,J59A,,47.509602,-126.415298,-2371.0, ,125.0,2012-05-31T00:00:00.006000Z, , , , , ,,2012-05-31T04:16:55.254000Z
30, , ,7D, ,J59A,,47.509602,-126.415298,-2371.0, ,125.0,2012-05-31T00:00:00.006000Z, , , , , ,,2012-05-31T04:16:59.550000Z
31, , ,7D, ,J59A,,47.509602,-126.415298,-2371.0, ,125.0,2012-05-31T00:00:00.006000Z, , , , , ,,2012-05-31T04:17:41.502000Z
32, , ,7D, ,J59A,,47.509602,-126.415298,-2371.0, ,125.0,2012-05-31T00:00:00.006000Z, , , , , ,,2012-05-31T04:17:53.486000Z
33, , ,7D, ,J59A,,47.509602,-126.415298,-2371.0, ,125.0,2012-05-31T00:00:00.006000Z, , , , , ,,2012-05-31T04:18:31.262000Z
34, , ,7D, ,J59A,,47.509602,-126.415298,-2371.0, ,125.0,2012-05-31T00:00:00.006000Z, , , , , ,,2012-05-31T04:19:18.918000Z
35, , ,7D, ,J59A,,47.509602,-126.415298,-2371.0, ,125.0,2012-05-31T00:00:00.006000Z, , , , , ,,2012-05-31T04:39:50.206000Z
36, , ,7D, ,J59A,,47.509602,-126.415298,-2371.0, ,125.0,2012-05-31T00:00:00.006000Z, , , , , ,,2012-05-31T05:00:39.790000Z
37, , ,7D, ,J59A,,47.509602,-126.415298,-2371.0, ,125.0,2012-05-31T00:00:00.006000Z, , , , , ,,2012-05-31T05:14:56.790000Z
38, , ,7D, ,J59A,,47.509602,-126.415298,-2371.0, ,125.0,2012-05-31T00:00:00.006000Z, , , , , ,,2012-05-31T05:45:58.582000Z
39, , ,7D, ,J59A,,47.509602,-126.415298,-2371.0, ,125.0,2012-05-31T00:00:00.006000Z, , , , , ,,2012-05-31T05:52:00.902000Z
40, , ,7D, ,J59A,,47.509602,-126.415298,-2371.0, ,125.0,2012-05-31T00:00:00.006000Z, , , , , ,,2012-05-31T05:57:01.582000Z
41, , ,7D, ,J59A,,47.509602,-126.415298,-2371.0, ,125.0,2012-05-31T00:00:00.006000Z, , , , , ,,2012-05-31T06:09:13.422000Z
42, , ,7D, ,J59A,,47.509602,-126.415298,-2371.0, ,125.0,2012-05-31T00:00:00.006000Z, , , , , ,,2012-05-31T06:09:29.414000Z
43, , ,7D, ,J59A,,47.509602,-126.415298,-2371.0, ,125.0,2012-05-31T00:00:00.006000Z, , , , , ,,2012-05-31T06:09:41.942000Z
44, , ,7D, ,J59A,,47.509602,-126.415298,-2371.0, ,125.0,2012-05-31T00:00:00.006000Z, , , , , ,,2012-05-31T06:10:54.774000Z
45, , ,7D, ,J59A,,47.509602,-126.415298,-2371.0, ,125.0,2012-05-31T00:00:00.006000Z, , , , , ,,2012-05-31T06:13:19.382000Z
46, , ,7D, ,J59A,,47.509602,-126.415298,-2371.0, ,125.0,2012-05-31T00:00:00.006000Z, , , , , ,,2012-05-31T06:13:49.998000Z
47, , ,7D, ,J59A,,47.509602,-126.415298,-2371.0, ,125.0,2012-05-31T00:00:00.006000Z, , , , , ,,2012-05-31T06:27:43.166000Z
48, , ,7D, ,J59A,,47.509602,-126.415298,-2371.0, ,125.0,2012-05-31T00:00:00.006000Z, , , , , ,,2012-05-31T06:36:27.790000Z
49, , ,7D, ,J59A,,47.509602,-126.415298,-2371.0, ,125.0,2012-05-31T00:00:00.006000Z, , , , , ,,2012-05-31T06:37:23.190000Z
50, , ,7D, ,J59A,,47.509602,-126.415298,-2371.0, ,125.0,2012-05-31T00:00:00.006000Z, , , , , ,,2012-05-31T06:37:29.582000Z
51, , ,7D, ,J59A,,47.509602,-126.415298,-2371.0, ,125.0,2012-05-31T00:00:00.006000Z, , , , , ,,2012-05-31T06:44:55.894000Z
52, , ,7D, ,J59A,,47.509602,-126.415298,-2371.0, ,125.0,2012-05-31T00:00:00.006000Z, , , , , ,,2012-05-31T06:45:29.462000Z
53, , ,7D, ,J59A,,47.509602,-126.415298,-2371.0, ,125.0,2012-05-31T00:00:00.006000Z, , , , , ,,2012-05-31T06:45:47.302000Z
54, , ,7D, ,J59A,,47.509602,-126.415298,-2371.0, ,125.0,2012-05-31T00:00:00.006000Z, , , , , ,,2012-05-31T06:45:58.254000Z
55, , ,7D, ,J59A,,47.509602,-126.415298,-2371.0, ,125.0,2012-05-31T00:00:00.006000Z, , , , , ,,2012-05-31T06:52:15.262000Z
56, , ,7D, ,J59A,,47.509602,-126.415298,-2371.0, ,125.0,2012-05-31T00:00:00.006000Z, , , , , ,,2012-05-31T06:57:48.942000Z
57, , ,7D, ,J59A,,47.509602,-126.415298,-2371.0, ,125.0,2012-05-31T00:00:00.006000Z, , , , , ,,2012-05-31T06:58:39.046000Z
58, , ,7D, ,J59A,,47.509602,-126.415298,-2371.0, ,125.0,2012-05-31T00:00:00.006000Z, , , , , ,,2012-05-31T06:59:22.934000Z
59, , ,7D, ,J59A,,47.509602,-126.415298,-2371.0, ,125.0,2012-05-31T00:00:00.006000Z, , , , , ,,2012-05-31T07:00:17.366000Z
60, , ,7D, ,J59A,,47.509602,-126.415298,-2371.0, ,125.0,2012-05-31T00:00:00.006000Z, , , , , ,,2012-05-31T07:00:30.254000Z
61, , ,7D, ,J59A,,47.509602,-126.415298,-2371.0, ,125.0,2012-05-31T00:00:00.006000Z, , , , , ,,2012-05-31T07:00:54.718000Z
62, , ,7D, ,J59A,,47.509602,-126.415298,-2371.0, ,125.0,2012-05-31T00:00:00.006000Z, , , , , ,,2012-05-31T07:04:41.198000Z
63, , ,7D, ,J59A,,47.509602,-126.415298,-2371.0, ,125.0,2012-05-31T00:00:00.006000Z, , , , , ,,2012-05-31T07:05:03.918000Z
64, , ,7D, ,J59A,,47.509602,-126.415298,-2371.0, ,125.0,2012-05-31T00:00:00.006000Z, , , , , ,,2012-05-31T07:06:02.222000Z
65, , ,7D, ,J59A,,47.509602,-126.415298,-2371.0, ,125.0,2012-05-31T00:00:00.006000Z, , , , , ,,2012-05-31T07:07:16.814000Z
66, , ,7D, ,J59A,,47.509602,-126.415298,-2371.0, ,125.0,2012-05-31T00:00:00.006000Z, , , , , ,,2012-05-31T07:07:41.254000Z
67, , ,7D, ,J59A,,47.509602,-126.415298,-2371.0, ,125.0,2012-05-31T00:00:00.006000Z, , , , , ,,2012-05-31T07:08:12.686000Z
68, , ,7D, ,J59A,,47.509602,-126.415298,-2371.0, ,125.0,2012-05-31T00:00:00.006000Z, , , , , ,,2012-05-31T07:09:40.718000Z
69, , ,7D, ,J59A,,47.509602,-126.415298,-2371.0, ,125.0,2012-05-31T00:00:00.006000Z, , , , , ,,2012-05-31T07:10:32.518000Z
70, , ,7D, ,J59A,,47.509602,-126.415298,-2371.0, ,125.0,2012-05-31T00:00:00.006000Z, , , , , ,,2012-05-31T07:15:46.262000Z
71, , ,7D, ,J59A,,47.509602,-126.415298,-2371.0, ,125.0,2012-05-31T00:00:00.006000Z, , , , , ,,2012-05-31T07:16:12.950000Z
72, , ,7D, ,J59A,,47.509602,-126.415298,-2371.0, ,125.0,2012-05-31T00:00:00.006000Z, , , , , ,,2012-05-31T07:16:55.734000Z
73, , ,7D, ,J59A,,47.509602,-126.415298,-2371.0, ,125.0,2012-05-31T00:00:00.006000Z, , , , , ,,2012-05-31T07:20:54.406000Z
74, , ,7D, ,J59A,,47.509602,-126.415298,-2371.0, ,125.0,2012-05-31T00:00:00.006000Z, , , , , ,,2012-05-31T07:28:24.454000Z
75, , ,7D, ,J59A,,47.509602,-126.415298,-2371.0, ,125.0,2012-05-31T00:00:00.006000Z, , , , , ,,2012-05-31T07:30:36.886000Z
76, , ,7D, ,J59A,,47.509602,-126.415298,-2371.0, ,125.0,2012-05-31T00:00:00.006000Z, , , , , ,,2012-05-31T07:33:12.862000Z
77, , ,7D, ,J59A,,47.509602,-126.415298,-2371.0, ,125.0,2012-05-31T00:00:00.006000Z, , , , , ,,2012-05-31T07:37:33.086000Z
78, , ,7D, ,J59A,,47.509602,-126.415298,-2371.0, ,125.0,2012-05-31T00:00:00.006000Z, , , , , ,,2012-05-31T07:39:49.422000Z
79, , ,7D, ,J59A,,47.509602,-126.415298,-2371.0, ,125.0,2012-05-31T00:00:00.006000Z, , , , , ,,2012-05-31T07:40:08.854000Z
80, , ,7D, ,J59A,,47.509602,-126.415298,-2371.0, ,125.0,2012-05-31T00:00:00.006000Z, , , , , ,,2012-05-31T07:41:34.518000Z
81, , ,7D, ,J59A,,47.509602,-126.415298,-2371.0, ,125.0,2012-05-31T00:00:00.006000Z, , , , , ,,2012-05-31T07:41:42.454000Z
82, , ,7D, ,J59A,,47.509602,-126.415298,-2371.0, ,125.0,2012-05-31T00:00:00.006000Z, , , , , ,,2012-05-31T07:41:51.430000Z
83, , ,7D, ,J59A,,47.509602,-126.415298,-2371.0, ,125.0,2012-05-31T00:00:00.006000Z, , , , , ,,2012-05-31T07:42:07.854000Z
84, , ,7D, ,J59A,,47.509602,-126.415298,-2371.0, ,125.0,2012-05-31T00:00:00.006000Z, , , , , ,,2012-05-31T07:43:40.822000Z
85, , ,7D, ,J59A,,47.509602,-126.415298,-2371.0, ,125.0,2012-05-31T00:00:00.006000Z, , , , , ,,2012-05-31T07:53:21.798000Z
86, , ,7D, ,J59A,,47.509602,-126.415298,-2371.0, ,125.0,2012-05-31T00:00:00.006000Z, , , , , ,,2012-05-31T07:54:31.950000Z
87, , ,7D, ,J59A,,47.509602,-126.415298,-2371.0, ,125.0,2012-05-31T00:00:00.006000Z, , , , , ,,2012-05-31T07:59:22.966000Z
88, , ,7D, ,J59A,,47.509602,-126.415298,-2371.0, ,125.0,2012-05-31T00:00:00.006000Z, , , , , ,,2012-05-31T08:20:28.006000Z
89, , ,7D, ,J59A,,47.509602,-126.415298,-2371.0, ,125.0,2012-05-31T00:00:00.006000Z, , , , , ,,2012-05-31T08:29:28.614000Z
90, , ,7D, ,J59A,,47.509602,-126.415298,-2371.0, ,125.0,2012-05-31T00:00:00.006000Z, , , , , ,,2012-05-31T09:02:13.942000Z
91, , ,7D, ,J59A,,47.509602,-126.415298,-2371.0, ,125.0,2012-05-31T00:00:00.006000Z, , , , , ,,2012-05-31T10:12:56.206000Z
92, , ,7D, ,J59A,,47.509602,-126.415298,-2371.0, ,125.0,2012-05-31T00:00:00.006000Z, , , , , ,,2012-05-31T10:15:03.550000Z
93, , ,7D, ,J59A,,47.509602,-126.415298,-2371.0, ,125.0,2012-05-31T00:00:00.006000Z, , , , , ,,2012-05-31T10:17:03.110000Z
94, , ,7D, ,J59A,,47.509602,-126.415298,-2371.0, ,125.0,2012-05-31T00:00:00.006000Z, , , , , ,,2012-05-31T10:46:04.006000Z
95, , ,7D, ,J59A,,47.509602,-126.415298,-2371.0, ,125.0,2012-05-31T00:00:00.006000Z, , , , , ,,2012-05-31T11:01:29.454000Z
96, , ,7D, ,J59A,,47.509602,-126.415298,-2371.0, ,125.0,2012-05-31T00:00:00.006000Z, , , , , ,,2012-05-31T12:10:55.270000Z
97, , ,7D, ,J59A,,47.509602,-126.415298,-2371.0, ,125.0,2012-05-31T00:00:00.006000Z, , , , , ,,2012-05-31T12:27:51.734000Z
98, , ,7D, ,J59A,,47.509602,-126.415298,-2371.0, ,125.0,2012-05-31T00:00:00.006000Z, , , , , ,,2012-05-31T12:30:38.878000Z
99, , ,7D, ,J59A,,47.509602,-126.415298,-2371.0, ,125.0,2012-05-31T00:00:00.006000Z, , , , , ,,2012-05-31T13:11:46.094000Z
100, , ,7D, ,J59A,,47.509602,-126.415298,-2371.0, ,125.0,2012-05-31T00:00:00.006000Z, , , , , ,,2012-05-31T13:12:59.430000Z
101, , ,7D, ,J59A,,47.509602,-126.415298,-2371.0, ,125.0,2012-05-31T00:00:00.006000Z, , , , , ,,2012-05-31T13:19:05.102000Z
102, , ,7D, ,J59A,,47.509602,-126.415298,-2371.0, ,125.0,2012-05-31T00:00:00.006000Z, , , , , ,,2012-05-31T13:25:21.014000Z
103, , ,7D, ,J59A,,47.509602,-126.415298,-2371.0, ,125.0,2012-05-31T00:00:00.006000Z, , , , , ,,2012-05-31T13:28:10.014000Z
104, , ,7D, ,J59A,,47.509602,-126.415298,-2371.0, ,125.0,2012-05-31T00:00:00.006000Z, , , , , ,,2012-05-31T13:29:54.326000Z
105, , ,7D, ,J59A,,47.509602,-126.415298,-2371.0, ,125.0,2012-05-31T00:00:00.006000Z, , , , , ,,2012-05-31T13:33:21.750000Z
106, , ,7D, ,J59A,,47.509602,-126.415298,-2371.0, ,125.0,2012-05-31T00:00:00.006000Z, , , , , ,,2012-05-31T13:43:52.894000Z
107, , ,7D, ,J59A,,47.509602,-126.415298,-2371.0, ,125.0,2012-05-31T00:00:00.006000Z, , , , , ,,2012-05-31T13:44:50.646000Z
108, , ,7D, ,J59A,,47.509602,-126.415298,-2371.0, ,125.0,2012-05-31T00:00:00.006000Z, , , , , ,,2012-05-31T13:59:32.246000Z
109, , ,7D, ,J59A,,47.509602,-126.415298,-2371.0, ,125.0,2012-05-31T00:00:00.006000Z, , , , , ,,2012-05-31T14:21:49.550000Z
110, , ,7D, ,J59A,,47.509602,-126.415298,-2371.0, ,125.0,2012-05-31T00:00:00.006000Z, , , , , ,,2012-05-31T15:03:08.734000Z
111, , ,7D, ,J59A,,47.509602,-126.415298,-2371.0, ,125.0,2012-05-31T00:00:00.006000Z, , , , , ,,2012-05-31T15:35:38.622000Z
112, , ,7D, ,J59A,,47.509602,-126.415298,-2371.0, ,125.0,2012-05-31T00:00:00.006000Z, , , , , ,,2012-05-31T15:49:28.942000Z
113, , ,7D, ,J59A,,47.509602,-126.415298,-2371.0, ,125.0,2012-05-31T00:00:00.006000Z, , , , , ,,2012-05-31T16:19:12.526000Z
114, , ,7D, ,J59A,,47.509602,-126.415298,-2371.0, ,125.0,2012-05-31T00:00:00.006000Z, , , , , ,,2012-05-31T16:27:59.374000Z
115, , ,7D, ,J59A,,47.509602,-126.415298,-2371.0, ,125.0,2012-05-31T00:00:00.006000Z, , , , , ,,2012-05-31T16:28:58.438000Z
116, , ,7D, ,J59A,,47.509602,-126.415298,-2371.0, ,125.0,2012-05-31T00:00:00.006000Z, , , , , ,,2012-05-31T17:12:06.038000Z
117, , ,7D, ,J59A,,47.509602,-126.415298,-2371.0, ,125.0,2012-05-31T00:00:00.006000Z, , , , , ,,2012-05-31T18:40:21.054000Z
118, , ,7D, ,J59A,,47.509602,-126.415298,-2371.0, ,125.0,2012-05-31T00:00:00.006000Z, , , , , ,,2012-05-31T19:06:11.966000Z
119, , ,7D, ,J59A,,47.509602,-126.415298,-2371.0, ,125.0,2012-05-31T00:00:00.006000Z, , , , , ,,2012-05-31T19:07:06.662000Z
120, , ,7D, ,J59A,,47.509602,-126.415298,-2371.0, ,125.0,2012-05-31T00:00:00.006000Z, , , , , ,,2012-05-31T20:41:17.046000Z
121, , ,7D, ,J59A,,47.509602,-126.415298,-2371.0, ,125.0,2012-05-31T00:00:00.006000Z, , , , , ,,2012-05-31T20:58:21.878000Z
122, , ,7D, ,J59A,,47.509602,-126.415298,-2371.0, ,125.0,2012-05-31T00:00:00.006000Z, , , , , ,,2012-05-31T20:59:54.982000Z
123, , ,7D, ,J59A,,47.509602,-126.415298,-2371.0, ,125.0,2012-05-31T00:00:00.006000Z, , , , , ,,2012-05-31T21:00:09.110000Z
124, , ,7D, ,J59A,,47.509602,-126.415298,-2371.0, ,125.0,2012-05-31T00:00:00.006000Z, , , , , ,,2012-05-31T21:12:03.654000Z
125, , ,7D, ,J59A,,47.509602,-126.415298,-2371.0, ,125.0,2012-05-31T00:00:00.006000Z, , , , , ,,2012-05-31T21:19:03.326000Z
126, , ,7D, ,J59A,,47.509602,-126.415298,-2371.0, ,125.0,2012-05-31T00:00:00.006000Z, , , , , ,,2012-05-31T21:43:53.366000Z
127, , ,7D, ,J59A,,47.509602,-126.415298,-2371.0, ,125.0,2012-05-31T00:00:00.006000Z, , , , , ,,2012-05-31T22:04:57.174000Z
128, , ,7D, ,J59A,,47.509602,-126.415298,-2371.0, ,125.0,2012-05-31T00:00:00.006000Z, , , , , ,,2012-05-31T22:16:01.134000Z
129, , ,7D, ,J59A,,47.509602,-126.415298,-2371.0, ,125.0,2012-05-31T00:00:00.006000Z, , , , , ,,2012-05-31T22:22:00.462000Z
130, , ,7D, ,J59A,,47.509602,-126.415298,-2371.0, ,125.0,2012-05-31T00:00:00.006000Z, , , , , ,,2012-05-31T22:27:01.526000Z
131, , ,7D, ,J59A,,47.509602,-126.415298,-2371.0, ,125.0,2012-05-31T00:00:00.006000Z, , , , , ,,2012-05-31T22:27:53.294000Z
132, , ,7D, ,J59A,,47.509602,-126.415298,-2371.0, ,125.0,2012-05-31T00:00:00.006000Z, , , , , ,,2012-05-31T22:50:29.582000Z
133, , ,7D, ,J59A,,47.509602,-126.415298,-2371.0, ,125.0,2012-05-31T00:00:00.006000Z, , , , , ,,2012-05-31T22:55:49.414000Z
134, , ,7D, ,J59A,,47.509602,-126.415298,-2371.0, ,125.0,2012-05-31T00:00:00.006000Z, , , , , ,,2012-05-31T22:57:04.542000Z
135, , ,7D, ,J59A,,47.509602,-126.415298,-2371.0, ,125.0,2012-05-31T00:00:00.006000Z, , , , , ,,2012-05-31T23:00:30.662000Z
136, , ,7D, ,J59A,,47.509602,-126.415298,-2371.0, ,125.0,2012-05-31T00:00:00.006000Z, , , , , ,,2012-05-31T23:08:08.430000Z
137, , ,7D, ,J59A,,47.509602,-126.415298,-2371.0, ,125.0,2012-05-31T00:00:00.006000Z, , , , , ,,2012-05-31T23:13:19.542000Z
138, , ,7D, ,J59A,,47.509602,-126.415298,-2371.0, ,125.0,2012-05-31T00:00:00.006000Z, , , , , ,,2012-05-31T23:24:19.318000Z
139, , ,7D, ,J59A,,47.509602,-126.415298,-2371.0, ,125.0,2012-05-31T00:00:00.006000Z, , , , , ,,2012-05-31T23:33:18.574000Z
140, , ,7D, ,J59A,,47.509602,-126.415298,-2371.0, ,125.0,2012-05-31T00:00:00.006000Z, , , , , ,,2012-05-31T23:35:49.334000Z
141, , ,7D, ,J59A,,47.509602,-126.415298,-2371.0, ,125.0,2012-05-31T00:00:00.006000Z, , , , , ,,2012-05-31T23:38:24.190000Z
142, , ,7D, ,J59A,,47.509602,-126.415298,-2371.0, ,125.0,2012-05-31T00:00:00.006000Z, , , , , ,,2012-05-31T23:39:50.662000Z
143, , ,7D, ,J59A,,47.509602,-126.415298,-2371.0, ,125.0,2012-05-31T00:00:00.006000Z, , , , , ,,2012-05-31T23:40:29.926000Z
144, , ,7D, ,J59A,,47.509602,-126.415298,-2371.0, ,125.0,2012-05-31T00:00:00.006000Z, , , , , ,,2012-05-31T23:41:20.134000Z
145, , ,7D, ,J59A,,47.509602,-126.415298,-2371.0, ,125.0,2012-05-31T00:00:00.006000Z, , , , , ,,2012-05-31T23:44:41.422000Z
146, , ,7D, ,J59A,,47.509602,-126.415298,-2371.0, ,125.0,2012-05-31T00:00:00.006000Z, , , , , ,,2012-05-31T23:45:58.310000Z
147, , ,7D, ,J59A,,47.509602,-126.415298,-2371.0, ,125.0,2012-05-31T00:00:00.006000Z, , , , , ,,2012-05-31T23:50:11.654000Z
148, , ,7D, ,J59A,,47.509602,-126.415298,-2371.0, ,125.0,2012-05-31T00:00:00.006000Z, , , , , ,,2012-05-31T23:51:12.086000Z
149, , ,7D, ,J59A,,47.509602,-126.415298,-2371.0, ,125.0,2012-05-31T00:00:00.006000Z, , , , , ,,2012-05-31T23:52:15.958000Z
150, , ,7D, ,J59A,,47.509602,-126.415298,-2371.0, ,125.0,2012-05-31T00:00:00.006000Z, , , , , ,,2012-05-31T23:53:30.086000Z
151, , ,7D, ,J59A,,47.509602,-126.415298,-2371.0, ,125.0,2012-05-31T00:00:00.006000Z, , , , , ,,2012-05-31T23:54:37.398000Z
152, , ,7D, ,J59A,,47.509602,-126.415298,-2371.0, ,125.0,2012-05-31T00:00:00.006000Z, , , , , ,,2012-05-31T23:55:11.774000Z
153, , ,7D, ,J59A,,47.509602,-126.415298,-2371.0, ,125.0,2012-05-31T00:00:00.006000Z, , , , , ,,2012-05-31T23:56:19.790000Z
154, , ,7D, ,J59A,,47.509602,-126.415298,-2371.0, ,125.0,2012-05-31T00:00:00.006000Z, , , , , ,,2012-05-31T23:56:26.958000Z
155, , ,7D, ,J59A,,47.509602,-126.415298,-2371.0, ,125.0,2012-05-31T00:00:00.006000Z, , , , , ,,2012-05-31T23:58:34.830000Z
156, , ,7D, ,J59A,,47.509602,-126.415298,-2371.0, ,125.0,2012-05-31T00:00:00.006000Z, , , , , ,2012-05-31T00:22:59.446000Z,
157, , ,7D, ,J59A,,47.509602,-126.415298,-2371.0, ,125.0,2012-05-31T00:00:00.006000Z, , , , , ,2012-05-31T00:34:19.262000Z,
158, , ,7D, ,J59A,,47.509602,-126.415298,-2371.0, ,125.0,2012-05-31T00:00:00.006000Z, , , , , ,2012-05-31T02:11:40.926000Z,
159, , ,7D, ,J59A,,47.509602,-126.415298,-2371.0, ,125.0,2012-05-31T00:00:00.006000Z, , , , , ,2012-05-31T04:00:56.542000Z,
160, , ,7D, ,J59A,,47.509602,-126.415298,-2371.0, ,125.0,2012-05-31T00:00:00.006000Z, , , , , ,2012-05-31T04:01:22.254000Z,
161, , ,7D, ,J59A,,47.509602,-126.415298,-2371.0, ,125.0,2012-05-31T00:00:00.006000Z, , , , , ,2012-05-31T04:02:55.790000Z,
162, , ,7D, ,J59A,,47.509602,-126.415298,-2371.0, ,125.0,2012-05-31T00:00:00.006000Z, , , , , ,2012-05-31T04:07:27.574000Z,
163, , ,7D, ,J59A,,47.509602,-126.415298,-2371.0, ,125.0,2012-05-31T00:00:00.006000Z, , , , , ,2012-05-31T04:08:54.358000Z,
164, , ,7D, ,J59A,,47.509602,-126.415298,-2371.0, ,125.0,2012-05-31T00:00:00.006000Z, , , , , ,2012-05-31T04:09:57.350000Z,
165, , ,7D, ,J59A,,47.509602,-126.415298,-2371.0, ,125.0,2012-05-31T00:00:00.006000Z, , , , , ,2012-05-31T04:17:01.078000Z,
166, , ,7D, ,J59A,,47.509602,-126.415298,-2371.0, ,125.0,2012-05-31T00:00:00.006000Z, , , , , ,2012-05-31T04:18:19.758000Z,
167, , ,7D, ,J59A,,47.509602,-126.415298,-2371.0, ,125.0,2012-05-31T00:00:00.006000Z, , , , , ,2012-05-31T04:18:42.190000Z,
168, , ,7D, ,J59A,,47.509602,-126.415298,-2371.0, ,125.0,2012-05-31T00:00:00.006000Z, , , , , ,2012-05-31T04:19:21.822000Z,
169, , ,7D, ,J59A,,47.509602,-126.415298,-2371.0, ,125.0,2012-05-31T00:00:00.006000Z, , , , , ,2012-05-31T04:37:08.942000Z,
170, , ,7D, ,J59A,,47.509602,-126.415298,-2371.0, ,125.0,2012-05-31T00:00:00.006000Z, , , , , ,2012-05-31T06:09:14.190000Z,
171, , ,7D, ,J59A,,47.509602,-126.415298,-2371.0, ,125.0,2012-05-31T00:00:00.006000Z, , , , , ,2012-05-31T06:49:03.934000Z,
172, , ,7D, ,J59A,,47.509602,-126.415298,-2371.0, ,125.0,2012-05-31T00:00:00.006000Z, , , , , ,2012-05-31T06:57:35.542000Z,
173, , ,7D, ,J59A,,47.509602,-126.415298,-2371.0, ,125.0,2012-05-31T00:00:00.006000Z, , , , , ,2012-05-31T07:32:31.662000Z,
174, , ,7D, ,J59A,,47.509602,-126.415298,-2371.0, ,125.0,2012-05-31T00:00:00.006000Z, , , , , ,2012-05-31T07:41:52.510000Z,
175, , ,7D, ,J59A,,47.509602,-126.415298,-2371.0, ,125.0,2012-05-31T00:00:00.006000Z, , , , , ,2012-05-31T10:54:19.606000Z,
176, , ,7D, ,J59A,,47.509602,-126.415298,-2371.0, ,125.0,2012-05-31T00:00:00.006000Z, , , , , ,2012-05-31T13:27:04.094000Z,
177, , ,7D, ,J59A,,47.509602,-126.415298,-2371.0, ,125.0,2012-05-31T00:00:00.006000Z, , , , , ,2012-05-31T13:28:48.694000Z,
178, , ,7D, ,J59A,,47.509602,-126.415298,-2371.0, ,125.0,2012-05-31T00:00:00.006000Z, , , , , ,2012-05-31T13:37:17.886000Z,
179, , ,7D, ,J59A,,47.509602,-126.415298,-2371.0, ,125.0,2012-05-31T00:00:00.006000Z, , , , , ,2012-05-31T13:44:52.182000Z,
180, , ,7D, ,J59A,,47.509602,-126.415298,-2371.0, ,125.0,2012-05-31T00:00:00.006000Z, , , , , ,2012-05-31T14:12:38.822000Z,
181, , ,7D, ,J59A,,47.509602,-126.415298,-2371.0, ,125.0,2012-05-31T00:00:00.006000Z, , , , , ,2012-05-31T16:19:19.942000Z,
182, , ,7D, ,J59A,,47.509602,-126.415298,-2371.0, ,125.0,2012-05-31T00:00:00.006000Z, , , , , ,2012-05-31T17:42:37.046000Z,
183, , ,7D, ,J59A,,47.509602,-126.415298,-2371.0, ,125.0,2012-05-31T00:00:00.006000Z, , , , , ,2012-05-31T19:56:59.462000Z,
184, , ,7D, ,J59A,,47.509602,-126.415298,-2371.0, ,125.0,2012-05-31T00:00:00.006000Z, , , , , ,2012-05-31T20:11:26.798000Z,
185, , ,7D, ,J59A,,47.509602,-126.415298,-2371.0, ,125.0,2012-05-31T00:00:00.006000Z, , , , , ,2012-05-31T20:33:23.534000Z,
186, , ,7D, ,J59A,,47.509602,-126.415298,-2371.0, ,125.0,2012-05-31T00:00:00.006000Z, , , , , ,2012-05-31T21:19:03.270000Z,
187, , ,7D, ,J59A,,47.509602,-126.415298,-2371.0, ,125.0,2012-05-31T00:00:00.006000Z, , , , , ,2012-05-31T22:03:24.046000Z,
188, , ,7D, ,J59A,,47.509602,-126.415298,-2371.0, ,125.0,2012-05-31T00:00:00.006000Z, , , , , ,2012-05-31T22:04:57.254000Z,
189, , ,7D, ,J59A,,47.509602,-126.415298,-2371.0, ,125.0,2012-05-31T00:00:00.006000Z, , , , , ,2012-05-31T22:22:18.158000Z,
190, , ,7D, ,J59A,,47.509602,-126.415298,-2371.0, ,125.0,2012-05-31T00:00:00.006000Z, , , , , ,2012-05-31T22:30:08.654000Z,
191, , ,7D, ,J59A,,47.509602,-126.415298,-2371.0, ,125.0,2012-05-31T00:00:00.006000Z, , , , , ,2012-05-31T23:40:32.430000Z,
192, , ,7D, ,J59A,,47.509602,-126.415298,-2371.0, ,125.0,2012-05-31T00:00:00.006000Z, , , , , ,2012-05-31T23:41:22.358000Z,
193, , ,7D, ,J59A,,47.509602,-126.415298,-2371.0, ,125.0,2012-05-31T00:00:00.006000Z, , , , , ,2012-05-31T23:53:23.486000Z,
194, , ,7D, ,J59A,,47.509602,-126.415298,-2371.0, ,125.0,2012-05-31T00:00:00.006000Z, , , , , ,2012-05-31T23:54:38.558000Z,
